0.000000000000000000e+00,0.000000000000000000e+00,0.000000000000000000e+00
1.000000000000000021e-02,0.000000000000000000e+00,0.000000000000000000e+00
2.000000000000000042e-02,0.000000000000000000e+00,0.000000000000000000e+00
2.999999999999999889e-02,0.000000000000000000e+00,0.000000000000000000e+00
4.000000000000000083e-02,0.000000000000000000e+00,0.000000000000000000e+00
5.000000000000000278e-02,0.000000000000000000e+00,0.000000000000000000e+00
5.999999999999999778e-02,0.000000000000000000e+00,0.000000000000000000e+00
7.000000000000000666e-02,0.000000000000000000e+00,0.000000000000000000e+00
8.000000000000000167e-02,0.000000000000000000e+00,0.000000000000000000e+00
8.999999999999999667e-02,0.000000000000000000e+00,0.000000000000000000e+00
1.000000000000000056e-01,0.000000000000000000e+00,0.000000000000000000e+00
1.100000000000000006e-01,0.000000000000000000e+00,0.000000000000000000e+00
1.199999999999999956e-01,0.000000000000000000e+00,0.000000000000000000e+00
1.300000000000000044e-01,0.000000000000000000e+00,0.000000000000000000e+00
1.400000000000000133e-01,0.000000000000000000e+00,0.000000000000000000e+00
1.499999999999999944e-01,0.000000000000000000e+00,0.000000000000000000e+00
1.600000000000000033e-01,0.000000000000000000e+00,0.000000000000000000e+00
1.700000000000000122e-01,0.000000000000000000e+00,0.000000000000000000e+00
1.799999999999999933e-01,0.000000000000000000e+00,0.000000000000000000e+00
1.900000000000000022e-01,0.000000000000000000e+00,0.000000000000000000e+00
2.000000000000000111e-01,0.000000000000000000e+00,0.000000000000000000e+00
2.099999999999999922e-01,0.000000000000000000e+00,0.000000000000000000e+00
2.200000000000000011e-01,0.000000000000000000e+00,0.000000000000000000e+00
2.300000000000000100e-01,0.000000000000000000e+00,0.000000000000000000e+00
2.399999999999999911e-01,0.000000000000000000e+00,0.000000000000000000e+00
2.500000000000000000e-01,0.000000000000000000e+00,0.000000000000000000e+00
2.600000000000000089e-01,0.000000000000000000e+00,0.000000000000000000e+00
2.700000000000000178e-01,0.000000000000000000e+00,0.000000000000000000e+00
2.800000000000000266e-01,0.000000000000000000e+00,0.000000000000000000e+00
2.899999999999999800e-01,0.000000000000000000e+00,0.000000000000000000e+00
2.999999999999999889e-01,0.000000000000000000e+00,0.000000000000000000e+00
3.099999999999999978e-01,0.000000000000000000e+00,0.000000000000000000e+00
3.200000000000000067e-01,0.000000000000000000e+00,0.000000000000000000e+00
3.300000000000000155e-01,0.000000000000000000e+00,0.000000000000000000e+00
3.400000000000000244e-01,0.000000000000000000e+00,0.000000000000000000e+00
3.500000000000000333e-01,0.000000000000000000e+00,0.000000000000000000e+00
3.599999999999999867e-01,0.000000000000000000e+00,0.000000000000000000e+00
3.699999999999999956e-01,0.000000000000000000e+00,0.000000000000000000e+00
3.800000000000000044e-01,0.000000000000000000e+00,0.000000000000000000e+00
3.900000000000000133e-01,0.000000000000000000e+00,0.000000000000000000e+00
4.000000000000000222e-01,0.000000000000000000e+00,0.000000000000000000e+00
4.100000000000000311e-01,0.000000000000000000e+00,0.000000000000000000e+00
4.199999999999999845e-01,0.000000000000000000e+00,0.000000000000000000e+00
4.299999999999999933e-01,0.000000000000000000e+00,0.000000000000000000e+00
4.400000000000000022e-01,0.000000000000000000e+00,0.000000000000000000e+00
4.500000000000000111e-01,0.000000000000000000e+00,0.000000000000000000e+00
4.600000000000000200e-01,0.000000000000000000e+00,0.000000000000000000e+00
4.700000000000000289e-01,0.000000000000000000e+00,0.000000000000000000e+00
4.799999999999999822e-01,0.000000000000000000e+00,0.000000000000000000e+00
4.899999999999999911e-01,0.000000000000000000e+00,0.000000000000000000e+00
5.000000000000000000e-01,0.000000000000000000e+00,0.000000000000000000e+00
5.100000000000000089e-01,0.000000000000000000e+00,0.000000000000000000e+00
5.200000000000000178e-01,0.000000000000000000e+00,0.000000000000000000e+00
5.300000000000000266e-01,0.000000000000000000e+00,0.000000000000000000e+00
5.400000000000000355e-01,0.000000000000000000e+00,0.000000000000000000e+00
5.500000000000000444e-01,0.000000000000000000e+00,0.000000000000000000e+00
5.600000000000000533e-01,0.000000000000000000e+00,0.000000000000000000e+00
5.700000000000000622e-01,0.000000000000000000e+00,0.000000000000000000e+00
5.799999999999999600e-01,0.000000000000000000e+00,0.000000000000000000e+00
5.899999999999999689e-01,0.000000000000000000e+00,0.000000000000000000e+00
5.999999999999999778e-01,0.000000000000000000e+00,0.000000000000000000e+00
6.099999999999999867e-01,0.000000000000000000e+00,0.000000000000000000e+00
6.199999999999999956e-01,0.000000000000000000e+00,0.000000000000000000e+00
6.300000000000000044e-01,0.000000000000000000e+00,0.000000000000000000e+00
6.400000000000000133e-01,0.000000000000000000e+00,0.000000000000000000e+00
6.500000000000000222e-01,0.000000000000000000e+00,0.000000000000000000e+00
6.600000000000000311e-01,0.000000000000000000e+00,0.000000000000000000e+00
6.700000000000000400e-01,0.000000000000000000e+00,0.000000000000000000e+00
6.800000000000000488e-01,0.000000000000000000e+00,0.000000000000000000e+00
6.900000000000000577e-01,0.000000000000000000e+00,0.000000000000000000e+00
7.000000000000000666e-01,0.000000000000000000e+00,0.000000000000000000e+00
7.099999999999999645e-01,0.000000000000000000e+00,0.000000000000000000e+00
7.199999999999999734e-01,0.000000000000000000e+00,0.000000000000000000e+00
7.299999999999999822e-01,0.000000000000000000e+00,0.000000000000000000e+00
7.399999999999999911e-01,0.000000000000000000e+00,0.000000000000000000e+00
7.500000000000000000e-01,0.000000000000000000e+00,0.000000000000000000e+00
7.600000000000000089e-01,0.000000000000000000e+00,0.000000000000000000e+00
7.700000000000000178e-01,0.000000000000000000e+00,0.000000000000000000e+00
7.800000000000000266e-01,0.000000000000000000e+00,0.000000000000000000e+00
7.900000000000000355e-01,0.000000000000000000e+00,0.000000000000000000e+00
8.000000000000000444e-01,0.000000000000000000e+00,0.000000000000000000e+00
8.100000000000000533e-01,0.000000000000000000e+00,0.000000000000000000e+00
8.200000000000000622e-01,0.000000000000000000e+00,0.000000000000000000e+00
8.300000000000000711e-01,0.000000000000000000e+00,0.000000000000000000e+00
8.399999999999999689e-01,0.000000000000000000e+00,0.000000000000000000e+00
8.499999999999999778e-01,0.000000000000000000e+00,0.000000000000000000e+00
8.599999999999999867e-01,0.000000000000000000e+00,0.000000000000000000e+00
8.699999999999999956e-01,0.000000000000000000e+00,0.000000000000000000e+00
8.800000000000000044e-01,0.000000000000000000e+00,0.000000000000000000e+00
8.900000000000000133e-01,0.000000000000000000e+00,0.000000000000000000e+00
9.000000000000000222e-01,0.000000000000000000e+00,0.000000000000000000e+00
9.100000000000000311e-01,0.000000000000000000e+00,0.000000000000000000e+00
9.200000000000000400e-01,0.000000000000000000e+00,0.000000000000000000e+00
9.300000000000000488e-01,0.000000000000000000e+00,0.000000000000000000e+00
9.400000000000000577e-01,0.000000000000000000e+00,0.000000000000000000e+00
9.500000000000000666e-01,0.000000000000000000e+00,0.000000000000000000e+00
9.599999999999999645e-01,0.000000000000000000e+00,0.000000000000000000e+00
9.699999999999999734e-01,0.000000000000000000e+00,0.000000000000000000e+00
9.799999999999999822e-01,0.000000000000000000e+00,0.000000000000000000e+00
9.899999999999999911e-01,0.000000000000000000e+00,0.000000000000000000e+00
1.000000000000000000e+00,0.000000000000000000e+00,0.000000000000000000e+00
1.010000000000000009e+00,0.000000000000000000e+00,0.000000000000000000e+00
1.020000000000000018e+00,0.000000000000000000e+00,0.000000000000000000e+00
1.029998000066665753e+00,1.999866669333311587e-04,0.000000000000000000e+00
1.039990001133275443e+00,5.998800087996734561e-04,0.000000000000000000e+00
1.049972006532627455e+00,1.199520073594120525e-03,0.000000000000000000e+00
1.059940023595653757e+00,1.998667013285848962e-03,0.000000000000000000e+00
1.069890065248433997e+00,2.997001179754132157e-03,0.000000000000000000e+00
1.079818151606972698e+00,4.194123252643327388e-03,0.000000000000000000e+00
1.089720311569098987e+00,5.589554399085695097e-03,0.000000000000000000e+00
1.099592584402855344e+00,7.182736465228157542e-03,0.000000000000000000e+00
1.109431021330736566e+00,8.973032199486401933e-03,0.000000000000000000e+00
1.119231687109148998e+00,1.095972550743701777e-02,0.000000000000000000e+00
1.128990661602454981e+00,1.314202173824571482e-02,0.000000000000000000e+00
1.138704041350975249e+00,1.551904800251706525e-02,0.000000000000000000e+00
1.148367941132320436e+00,1.808985352143862094e-02,0.000000000000000000e+00
1.157978495515427975e+00,2.085341000707970072e-02,0.000000000000000000e+00
1.167531860406683997e+00,2.380861207369309659e-02,0.000000000000000000e+00
1.177024214587508499e+00,2.695427767985427575e-02,0.000000000000000000e+00
1.186451761242792058e+00,3.028914860126242017e-02,0.000000000000000000e+00
1.195810729479571455e+00,3.381189093401332224e-02,0.000000000000000000e+00
1.205097375835336493e+00,3.752109562814315291e-02,0.000000000000000000e+00
1.214307985775365362e+00,4.141527905122965869e-02,0.000000000000000000e+00
1.223438875178488372e+00,4.549288358182536351e-02,0.000000000000000000e+00
1.232486391810688087e+00,4.975227823248536130e-02,0.000000000000000000e+00
1.241446916785943433e+00,5.419175930214056164e-02,0.000000000000000000e+00
1.250316866013736261e+00,5.880955105755539258e-02,0.000000000000000000e+00
1.259092691632639927e+00,6.360380644359742153e-02,0.000000000000000000e+00
1.267770883429416351e+00,6.857260782203479510e-02,0.000000000000000000e+00
1.276347970243054686e+00,7.371396773856593587e-02,0.000000000000000000e+00
1.284820521353188916e+00,7.902582971777477594e-02,0.000000000000000000e+00
1.293185147852340844e+00,8.450606908569352482e-02,0.000000000000000000e+00
1.301438504001437568e+00,9.015249381964388076e-02,0.000000000000000000e+00
1.309577288568062992e+00,9.596284542501694326e-02,0.000000000000000000e+00
1.317598246146906016e+00,1.019347998386408716e-01,0.000000000000000000e+00
1.325498168461879622e+00,1.080659683583752168e-01,0.000000000000000000e+00
1.333273895649388807e+00,1.143538985985599055e-01,0.000000000000000000e+00
1.340922317522233786e+00,1.207960754709368201e-01,0.000000000000000000e+00
1.348440374813642650e+00,1.273899221906515666e-01,0.000000000000000000e+00
1.355825060400938531e+00,1.341328013069330305e-01,0.000000000000000000e+00
1.363073420508347677e+00,1.410220157580385492e-01,0.000000000000000000e+00
1.370182555888470377e+00,1.480548099500424986e-01,0.000000000000000000e+00
1.377149622981941990e+00,1.552283708590377342e-01,0.000000000000000000e+00
1.383971835054818023e+00,1.625398291563066866e-01,0.000000000000000000e+00
1.390646463313231163e+00,1.699862603560152730e-01,0.000000000000000000e+00
1.397170837994871739e+00,1.775646859849680514e-01,0.000000000000000000e+00
1.403542349436857517e+00,1.852720747739577400e-01,0.000000000000000000e+00
1.409758449119564272e+00,1.931053438702325931e-01,0.000000000000000000e+00
1.415816650685998823e+00,2.010613600705962734e-01,0.000000000000000000e+00
1.421714530936309728e+00,2.091369410746474200e-01,0.000000000000000000e+00
1.427449730797034411e+00,2.173288567576573960e-01,0.000000000000000000e+00
1.433019956264696582e+00,2.256338304625770952e-01,0.000000000000000000e+00
1.438422979323378037e+00,2.340485403106560558e-01,0.000000000000000000e+00
1.443656638835894457e+00,2.425696205301496877e-01,0.000000000000000000e+00
1.448718841408222158e+00,2.511936628025830953e-01,0.000000000000000000e+00
1.453607562226827410e+00,2.599172176260329814e-01,0.000000000000000000e+00
1.458320845868564808e+00,2.687367956948824577e-01,0.000000000000000000e+00
1.462856807082820509e+00,2.776488692954968140e-01,0.000000000000000000e+00
1.467213631545587704e+00,2.866498737172618605e-01,0.000000000000000000e+00
1.471389576585171222e+00,2.957362086784207089e-01,0.000000000000000000e+00
1.475382971879233951e+00,3.049042397661383963e-01,0.000000000000000000e+00
1.479192220122902857e+00,3.141502998902185873e-01,0.000000000000000000e+00
1.482815797667669688e+00,3.234706907498908768e-01,0.000000000000000000e+00
1.486252255130830147e+00,3.328616843130815517e-01,0.000000000000000000e+00
1.489500217975217922e+00,3.423195243075769501e-01,0.000000000000000000e+00
1.492558387059000902e+00,3.518404277234821187e-01,0.000000000000000000e+00
1.495425539155320394e+00,3.614205863263743601e-01,0.000000000000000000e+00
1.498100527441566188e+00,3.710561681805460976e-01,0.000000000000000000e+00
1.500582281958089848e+00,3.807433191817287677e-01,0.000000000000000000e+00
1.502869810036174369e+00,3.904781645986819538e-01,0.000000000000000000e+00
1.504962196695088572e+00,4.002568106230351419e-01,0.000000000000000000e+00
1.506858605008067009e+00,4.100753459267587608e-01,0.000000000000000000e+00
1.508558276437069523e+00,4.199298432266433956e-01,0.000000000000000000e+00
1.510060531136186324e+00,4.298163608551606174e-01,0.000000000000000000e+00
1.511364768223567800e+00,4.397309443370774895e-01,0.000000000000000000e+00
1.512470466021768489e+00,4.496696279711939193e-01,0.000000000000000000e+00
1.513377182266411491e+00,4.596284364165703074e-01,0.000000000000000000e+00
1.514084554283088524e+00,4.696033862826108352e-01,0.000000000000000000e+00
1.514592299132424325e+00,4.795904877223666762e-01,0.000000000000000000e+00
1.514900213723249012e+00,4.895857460284214757e-01,0.000000000000000000e+00
1.515008174893831772e+00,4.995851632307211632e-01,0.000000000000000000e+00
1.514916139461143674e+00,5.095847396957086106e-01,0.000000000000000000e+00
1.514624144238130743e+00,5.195804757261236473e-01,0.000000000000000000e+00
1.514132306018989071e+00,5.295683731608289424e-01,0.000000000000000000e+00
1.513440821532448410e+00,5.395444369740206580e-01,0.000000000000000000e+00
1.512549967363083780e+00,5.495046768731860487e-01,0.000000000000000000e+00
1.511460099840685078e+00,5.594451088951668538e-01,0.000000000000000000e+00
1.510171654897729754e+00,5.693617569996916039e-01,0.000000000000000000e+00
1.508685147895016065e+00,5.792506546597385730e-01,0.000000000000000000e+00
1.507001173415525308e+00,5.891078464480941079e-01,0.000000000000000000e+00
1.505120405026596497e+00,5.989293896194702871e-01,0.000000000000000000e+00
1.503043595010508549e+00,6.087113556875507481e-01,0.000000000000000000e+00
1.500771574063577640e+00,6.184498319963325219e-01,0.000000000000000000e+00
1.498305250963889224e+00,6.281409232851370428e-01,0.000000000000000000e+00
1.495645612207799457e+00,6.377807532466615026e-01,0.000000000000000000e+00
1.492793721615349289e+00,6.473654660774506020e-01,0.000000000000000000e+00
1.489750719904751053e+00,6.568912280201665288e-01,0.000000000000000000e+00
1.486517824236116114e+00,6.663542288970406569e-01,0.000000000000000000e+00
1.483096327724607200e+00,6.757506836338939005e-01,0.000000000000000000e+00
1.479487598923209468e+00,6.850768337741158787e-01,0.000000000000000000e+00
1.475693081275327945e+00,6.943289489819975957e-01,0.000000000000000000e+00
1.471714292537428692e+00,7.035033285348158971e-01,0.000000000000000000e+00
1.467552824171957315e+00,7.125963028030725122e-01,0.000000000000000000e+00
1.463210340710774160e+00,7.216042347182990424e-01,0.000000000000000000e+00
1.458688579089365112e+00,7.305235212278325951e-01,0.000000000000000000e+00
1.453989347952089117e+00,7.393505947359921837e-01,0.000000000000000000e+00
1.449114526928745317e+00,7.480819245310675880e-01,0.000000000000000000e+00
1.444066065882746885e+00,7.567140181975561264e-01,0.000000000000000000e+00
1.438845984131199796e+00,7.652434230130851223e-01,0.000000000000000000e+00
1.433456369637204686e+00,7.736667273294514091e-01,0.000000000000000000e+00
1.427899378174698475e+00,7.819805619372384164e-01,0.000000000000000000e+00
1.422177232466174335e+00,7.901816014134519506e-01,0.000000000000000000e+00
1.416292221293620646e+00,7.982665654516480913e-01,0.000000000000000000e+00
1.410246698583041525e+00,8.062322201740087513e-01,0.000000000000000000e+00
1.404043082462914649e+00,8.140753794248530850e-01,0.000000000000000000e+00
1.397683854296974726e+00,8.217929060450541723e-01,0.000000000000000000e+00
1.391171557691699201e+00,8.293817131268635956e-01,0.000000000000000000e+00
1.384508797478900988e+00,8.368387652486306560e-01,0.000000000000000000e+00
1.377698238673829234e+00,8.441610796889333912e-01,0.000000000000000000e+00
1.370742605409200454e+00,8.513457276196244594e-01,0.000000000000000000e+00
1.363644679845579022e+00,8.583898352773263740e-01,0.000000000000000000e+00
1.356407301058553561e+00,8.652905851128955828e-01,0.000000000000000000e+00
1.349033363903140881e+00,8.720452169184071955e-01,0.000000000000000000e+00
1.341525817855886205e+00,8.786510289311990629e-01,0.000000000000000000e+00
1.333887665835108205e+00,8.851053789145428841e-01,0.000000000000000000e+00
1.326121962999775361e+00,8.914056852145016974e-01,0.000000000000000000e+00
1.318231815527479922e+00,8.975494277925589737e-01,0.000000000000000000e+00
1.310220379372010857e+00,9.035341492335984270e-01,0.000000000000000000e+00
1.302090859001011847e+00,9.093574557288394145e-01,0.000000000000000000e+00
1.293846506114239903e+00,9.150170180333263570e-01,0.000000000000000000e+00
1.285490618342925551e+00,9.205105723975977039e-01,0.000000000000000000e+00
1.277026537930767924e+00,9.258359214731537445e-01,0.000000000000000000e+00
1.268457650397078584e+00,9.309909351913683295e-01,0.000000000000000000e+00
1.259787383182620291e+00,9.359735516154867874e-01,0.000000000000000000e+00
1.251019204278677632e+00,9.407817777653731950e-01,0.000000000000000000e+00
1.242156620839903969e+00,9.454136904146767106e-01,0.000000000000000000e+00
1.233203177781509341e+00,9.498674368600953377e-01,0.000000000000000000e+00
1.224162456361338469e+00,9.541412356624336955e-01,0.000000000000000000e+00
1.215038072747419040e+00,9.582333773591538151e-01,0.000000000000000000e+00
1.205833676571538948e+00,9.621422251481384080e-01,0.000000000000000000e+00
1.196552949469445792e+00,9.658662155423888285e-01,0.000000000000000000e+00
1.187199603608238174e+00,9.694038589954003804e-01,0.000000000000000000e+00
1.177777380201551871e+00,9.727537404969593959e-01,0.000000000000000000e+00
1.168290048013120641e+00,9.759145201391300484e-01,0.000000000000000000e+00
1.158741401849324504e+00,9.788849336521983080e-01,0.000000000000000000e+00
1.149135261041314804e+00,9.816637929103642080e-01,0.000000000000000000e+00
1.139475467917335338e+00,9.842499864069752524e-01,0.000000000000000000e+00
1.129765886265839292e+00,9.866424796991151158e-01,0.000000000000000000e+00
1.120010399790028588e+00,9.888403158213662225e-01,0.000000000000000000e+00
1.110212910554421617e+00,9.908426156685840036e-01,0.000000000000000000e+00
1.100377337424081725e+00,9.926485783475262892e-01,0.000000000000000000e+00
1.090507614497121081e+00,9.942574814972008346e-01,0.000000000000000000e+00
1.080607689531116744e+00,9.956686815777994193e-01,0.000000000000000000e+00
1.070681522364057114e+00,9.968816141281057197e-01,0.000000000000000000e+00
1.060733083330462678e+00,9.978957939912717068e-01,0.000000000000000000e+00
1.050766351673301902e+00,9.987108155088744166e-01,0.000000000000000000e+00
1.040785313952350633e+00,9.993263526831734911e-01,0.000000000000000000e+00
1.030793962449618073e+00,9.997421593075064283e-01,0.000000000000000000e+00
1.020796293572488578e+00,9.999580690647673631e-01,0.000000000000000000e+00
1.010796306255213439e+00,9.999739955939321856e-01,0.000000000000000000e+00
1.000796318937937857e+00,9.999899221230970081e-01,0.000000000000000000e+00
9.907963316206627180e-01,1.000005848652261831e+00,0.000000000000000000e+00
9.807963443033871354e-01,1.000021775181426653e+00,0.000000000000000000e+00
9.707963569861119968e-01,1.000037701710591476e+00,0.000000000000000000e+00
9.607963696688364141e-01,1.000053628239756298e+00,0.000000000000000000e+00
9.507963823515612756e-01,1.000069554768921121e+00,0.000000000000000000e+00
9.407963950342856929e-01,1.000085481298085943e+00,0.000000000000000000e+00
9.307964077170105544e-01,1.000101407827250766e+00,0.000000000000000000e+00
9.207964203997349717e-01,1.000117334356415588e+00,0.000000000000000000e+00
9.107964330824598331e-01,1.000133260885580411e+00,0.000000000000000000e+00
9.007964457651842505e-01,1.000149187414745233e+00,0.000000000000000000e+00
8.907964584479091119e-01,1.000165113943910056e+00,0.000000000000000000e+00
8.807964711306335293e-01,1.000181040473074878e+00,0.000000000000000000e+00
8.707964838133583907e-01,1.000196967002239701e+00,0.000000000000000000e+00
8.607964964960828080e-01,1.000212893531404523e+00,0.000000000000000000e+00
8.507965091788076695e-01,1.000228820060569346e+00,0.000000000000000000e+00
8.407965218615320868e-01,1.000244746589734168e+00,0.000000000000000000e+00
8.307965345442569483e-01,1.000260673118898991e+00,0.000000000000000000e+00
8.207965472269813656e-01,1.000276599648063813e+00,0.000000000000000000e+00
8.107965599097062270e-01,1.000292526177228636e+00,0.000000000000000000e+00
8.007965725924306444e-01,1.000308452706393458e+00,0.000000000000000000e+00
7.907965852751555058e-01,1.000324379235558281e+00,0.000000000000000000e+00
7.807965979578803672e-01,1.000340305764723103e+00,0.000000000000000000e+00
7.707966106406047846e-01,1.000356232293887926e+00,0.000000000000000000e+00
7.607966233233296460e-01,1.000372158823052748e+00,0.000000000000000000e+00
7.507966360060540634e-01,1.000388085352217571e+00,0.000000000000000000e+00
7.407966486887789248e-01,1.000404011881382393e+00,0.000000000000000000e+00
7.307966613715033422e-01,1.000419938410547216e+00,0.000000000000000000e+00
7.207966740542282036e-01,1.000435864939712038e+00,0.000000000000000000e+00
7.107966867369526209e-01,1.000451791468876861e+00,0.000000000000000000e+00
7.007966994196774824e-01,1.000467717998041683e+00,0.000000000000000000e+00
6.907967121024018997e-01,1.000483644527206506e+00,0.000000000000000000e+00
6.807967247851267611e-01,1.000499571056371328e+00,0.000000000000000000e+00
6.707967374678511785e-01,1.000515497585536151e+00,0.000000000000000000e+00
6.607967501505760399e-01,1.000531424114700974e+00,0.000000000000000000e+00
6.507967628333004573e-01,1.000547350643865796e+00,0.000000000000000000e+00
6.407967755160253187e-01,1.000563277173030619e+00,0.000000000000000000e+00
6.307967881987497361e-01,1.000579203702195441e+00,0.000000000000000000e+00
6.207968008814745975e-01,1.000595130231360264e+00,0.000000000000000000e+00
6.107968135641990148e-01,1.000611056760525086e+00,0.000000000000000000e+00
6.007968262469238763e-01,1.000626983289689909e+00,0.000000000000000000e+00
5.907968389296482936e-01,1.000642909818854731e+00,0.000000000000000000e+00
5.807968516123731550e-01,1.000658836348019554e+00,0.000000000000000000e+00
5.707968642950975724e-01,1.000674762877184376e+00,0.000000000000000000e+00
5.607968769778224338e-01,1.000690689406349199e+00,0.000000000000000000e+00
5.507968896605468512e-01,1.000706615935514021e+00,0.000000000000000000e+00
5.407969023432717126e-01,1.000722542464678844e+00,0.000000000000000000e+00
5.307969150259961300e-01,1.000738468993843666e+00,0.000000000000000000e+00
5.207969277087209914e-01,1.000754395523008489e+00,0.000000000000000000e+00
5.107969403914458528e-01,1.000770322052173311e+00,0.000000000000000000e+00
5.007969530741702702e-01,1.000786248581338134e+00,0.000000000000000000e+00
4.907969657568950761e-01,1.000802175110502956e+00,0.000000000000000000e+00
4.807969784396194379e-01,1.000818101639667779e+00,0.000000000000000000e+00
4.707969911223442439e-01,1.000834028168832601e+00,0.000000000000000000e+00
4.607970038050686057e-01,1.000849954697997424e+00,0.000000000000000000e+00
4.507970164877934116e-01,1.000865881227162246e+00,0.000000000000000000e+00
4.407970291705177734e-01,1.000881807756327069e+00,0.000000000000000000e+00
4.307970418532425794e-01,1.000897734285491891e+00,0.000000000000000000e+00
4.207970545359669412e-01,1.000913660814656714e+00,0.000000000000000000e+00
4.107970672186917471e-01,1.000929587343821536e+00,0.000000000000000000e+00
4.007970799014161090e-01,1.000945513872986359e+00,0.000000000000000000e+00
3.907970925841409149e-01,1.000961440402151181e+00,0.000000000000000000e+00
3.807971052668652767e-01,1.000977366931316004e+00,0.000000000000000000e+00
3.707971179495900826e-01,1.000993293460480826e+00,0.000000000000000000e+00
3.607971306323144445e-01,1.001009219989645649e+00,0.000000000000000000e+00
3.507971433150392504e-01,1.001025146518810471e+00,0.000000000000000000e+00
3.407971559977636122e-01,1.001041073047975294e+00,0.000000000000000000e+00
3.307971686804884182e-01,1.001056999577140116e+00,0.000000000000000000e+00
3.207971813632127800e-01,1.001072926106304939e+00,0.000000000000000000e+00
3.107971940459375859e-01,1.001088852635469761e+00,0.000000000000000000e+00
3.007972067286619477e-01,1.001104779164634584e+00,0.000000000000000000e+00
2.907972194113867537e-01,1.001120705693799406e+00,0.000000000000000000e+00
2.807972320941111155e-01,1.001136632222964229e+00,0.000000000000000000e+00
2.707972447768359214e-01,1.001152558752129051e+00,0.000000000000000000e+00
2.607972574595607274e-01,1.001168485281293874e+00,0.000000000000000000e+00
2.507972701422850892e-01,1.001184411810458696e+00,0.000000000000000000e+00
2.407972828250098951e-01,1.001200338339623519e+00,0.000000000000000000e+00
2.307972955077342569e-01,1.001216264868788342e+00,0.000000000000000000e+00
2.207973081904590629e-01,1.001232191397953164e+00,0.000000000000000000e+00
2.107973208731834247e-01,1.001248117927117987e+00,0.000000000000000000e+00
2.007973335559082306e-01,1.001264044456282809e+00,0.000000000000000000e+00
1.907973462386325925e-01,1.001279970985447632e+00,0.000000000000000000e+00
1.807973589213573984e-01,1.001295897514612454e+00,0.000000000000000000e+00
1.707973716040817602e-01,1.001311824043777277e+00,0.000000000000000000e+00
1.607973842868065661e-01,1.001327750572942099e+00,0.000000000000000000e+00
1.507973969695309280e-01,1.001343677102106922e+00,0.000000000000000000e+00
1.407974096522557339e-01,1.001359603631271744e+00,0.000000000000000000e+00
1.307974223349800957e-01,1.001375530160436567e+00,0.000000000000000000e+00
1.207974350177049155e-01,1.001391456689601389e+00,0.000000000000000000e+00
1.107974477004292913e-01,1.001407383218766212e+00,0.000000000000000000e+00
1.007974603831541111e-01,1.001423309747931034e+00,0.000000000000000000e+00
9.079747306587848676e-02,1.001439236277095857e+00,0.000000000000000000e+00
8.079748574860330657e-02,1.001455162806260679e+00,0.000000000000000000e+00
7.079749843132768228e-02,1.001471089335425502e+00,0.000000000000000000e+00
6.079751111405250208e-02,1.001487015864590324e+00,0.000000000000000000e+00
5.079752379677687779e-02,1.001502942393755147e+00,0.000000000000000000e+00
4.079753647950169759e-02,1.001518868922919969e+00,0.000000000000000000e+00
3.079754916222607330e-02,1.001534795452084792e+00,0.000000000000000000e+00
2.079756184495089311e-02,1.001550721981249614e+00,0.000000000000000000e+00
1.079757452767571117e-02,1.001566648510414437e+00,0.000000000000000000e+00
7.992686318494968828e-04,1.001382585441083828e+00,0.000000000000000000e+00
-9.193356653477499293e-03,1.000998606396031443e+00,0.000000000000000000e+00
-1.917630441142526010e-02,1.000414864961755690e+00,0.000000000000000000e+00
-2.914558159599391768e-02,9.996315946270470931e-01,0.000000000000000000e+00
-3.909720062923244949e-02,9.986491086895959990e-01,0.000000000000000000e+00
-4.902718099621316411e-02,9.974678001306778174e-01,0.000000000000000000e+00
-5.893155083718812359e-02,9.960881414579655369e-01,0.000000000000000000e+00
-6.880634853627656811e-02,9.945106845165331277e-01,0.000000000000000000e+00
-7.864762430606193899e-02,9.927360602681244428e-01,0.000000000000000000e+00
-8.845144176745071973e-02,9.907649785387777630e-01,0.000000000000000000e+00
-9.821387952417504064e-02,9.885982277349039116e-01,0.000000000000000000e+00
-1.079310327312954509e-01,9.862366745279349534e-01,0.000000000000000000e+00
-1.175990146570902867e-01,9.836812635076666034e-01,0.000000000000000000e+00
-1.272139582376930755e-01,9.809330168044354537e-01,0.000000000000000000e+00
-1.367720176238699514e-01,9.779930336802796775e-01,0.000000000000000000e+00
-1.462693697193047093e-01,9.748624900892500778e-01,0.000000000000000000e+00
-1.557022157097896764e-01,9.715426382070426747e-01,0.000000000000000000e+00
-1.650667825826974411e-01,9.680348059301465691e-01,0.000000000000000000e+00
-1.743593246361389015e-01,9.643403963447017002e-01,0.000000000000000000e+00
-1.835761249771907244e-01,9.604608871652844382e-01,0.000000000000000000e+00
-1.927134970086063770e-01,9.563978301438401664e-01,0.000000000000000000e+00
-2.017677859034024690e-01,9.521528504490044398e-01,0.000000000000000000e+00
-2.107353700667441432e-01,9.477276460160558580e-01,0.000000000000000000e+00
-2.196126625845314650e-01,9.431239868677659954e-01,0.000000000000000000e+00
-2.283961126581200152e-01,9.383437144064126212e-01,0.000000000000000000e+00
-2.370822070245918733e-01,9.333887406772440887e-01,0.000000000000000000e+00
-2.456674713620126960e-01,9.282610476036869951e-01,0.000000000000000000e+00
-2.541484716791169718e-01,9.229626861946019778e-01,0.000000000000000000e+00
-2.625218156888555754e-01,9.174957757239091682e-01,0.000000000000000000e+00
-2.707841541652684647e-01,9.118625028829053791e-01,0.000000000000000000e+00
-2.789321822831274389e-01,9.060651209056180821e-01,0.000000000000000000e+00
-2.869626409398249312e-01,9.001059486675403454e-01,0.000000000000000000e+00
-2.948723180589689075e-01,8.939873697581133261e-01,0.000000000000000000e+00
-3.026580498751734183e-01,8.877118315273202498e-01,0.000000000000000000e+00
-3.103167221995196123e-01,8.812818441067813424e-01,0.000000000000000000e+00
-3.178452716651927190e-01,8.746999794057321864e-01,0.000000000000000000e+00
-3.252406869527851296e-01,8.679688700822967284e-01,0.000000000000000000e+00
-3.325000099947866827e-01,8.610912084904568387e-01,0.000000000000000000e+00
-3.396203371587696029e-01,8.540697456031489665e-01,0.000000000000000000e+00
-3.465988204088054081e-01,8.469072899119091113e-01,0.000000000000000000e+00
-3.534326684446386091e-01,8.396067063035163036e-01,0.000000000000000000e+00
-3.601191478181720029e-01,8.321709149140736894e-01,0.000000000000000000e+00
-3.666555840268085897e-01,8.246028899609938456e-01,0.000000000000000000e+00
-3.730393625832150173e-01,8.169056585533537307e-01,0.000000000000000000e+00
-3.792679300610852788e-01,8.090822994810873414e-01,0.000000000000000000e+00
-3.853387951164746750e-01,8.011359419835135665e-01,0.000000000000000000e+00
-3.912495294843054139e-01,7.930697644976806293e-01,0.000000000000000000e+00
-3.969977689496379525e-01,7.848869933870367133e-01,0.000000000000000000e+00
-4.025812142933289373e-01,7.765909016509231488e-01,0.000000000000000000e+00
-4.079976322116857790e-01,7.681848076154214056e-01,0.000000000000000000e+00
-4.132448562097591482e-01,7.596720736060658119e-01,0.000000000000000000e+00
-4.183207874679122362e-01,7.510561046029577970e-01,0.000000000000000000e+00
-4.232233956813191145e-01,7.423403468788221105e-01,0.000000000000000000e+00
-4.279507198720621242e-01,7.335282866205390384e-01,0.000000000000000000e+00
-4.325008691734950617e-01,7.246234485347193832e-01,0.000000000000000000e+00
-4.368720235865656276e-01,7.156293944378669947e-01,0.000000000000000000e+00
-4.410624347077891083e-01,7.065497218317031702e-01,0.000000000000000000e+00
-4.450704264285887946e-01,6.973880624642088133e-01,0.000000000000000000e+00
-4.488943956057155349e-01,6.881480808769770974e-01,0.000000000000000000e+00
-4.525328127024843550e-01,6.788334729394440714e-01,0.000000000000000000e+00
-4.559842224005675182e-01,6.694479643705931737e-01,0.000000000000000000e+00
-4.592472441821042750e-01,6.599953092487127471e-01,0.000000000000000000e+00
-4.623205728818883808e-01,6.504792885098178434e-01,0.000000000000000000e+00
-4.652029792094173888e-01,6.409037084353245151e-01,0.000000000000000000e+00
-4.678933102405913314e-01,6.312723991295915438e-01,0.000000000000000000e+00
-4.703904898788685562e-01,6.215892129879246886e-01,0.000000000000000000e+00
-4.726935192856890899e-01,6.118580231556731697e-01,0.000000000000000000e+00
-4.748014772799970529e-01,6.020827219790215734e-01,0.000000000000000000e+00
-4.767135207067000335e-01,5.922672194481066743e-01,0.000000000000000000e+00
-4.784288847739210926e-01,5.824154416330682427e-01,0.000000000000000000e+00
-4.799468833589046191e-01,5.725313291136771010e-01,0.000000000000000000e+00
-4.812669092824564121e-01,5.626188354031537164e-01,0.000000000000000000e+00
-4.823884345518069106e-01,5.526819253668192600e-01,0.000000000000000000e+00
-4.833110105718019800e-01,5.427245736361969719e-01,0.000000000000000000e+00
-4.840342683243344934e-01,5.327507630192162003e-01,0.000000000000000000e+00
-4.845579185159467617e-01,5.227644829071405042e-01,0.000000000000000000e+00
-4.848817516935439720e-01,5.127697276788678593e-01,0.000000000000000000e+00
-4.850056383281728389e-01,5.027704951032270220e-01,0.000000000000000000e+00
-4.849295288668313275e-01,4.927707847399269703e-01,0.000000000000000000e+00
-4.846534537522892427e-01,4.827745963397853113e-01,0.000000000000000000e+00
-4.841775234109113590e-01,4.727859282448804712e-01,0.000000000000000000e+00
-4.835019282084885850e-01,4.628087757892717646e-01,0.000000000000000000e+00
-4.826269383740941499e-01,4.528471297009135643e-01,0.000000000000000000e+00
-4.815529038919953431e-01,4.429049745054210452e-01,0.000000000000000000e+00
-4.802802543616647157e-01,4.329862869323112262e-01,0.000000000000000000e+00
-4.788094988259460894e-01,4.230950343243677358e-01,0.000000000000000000e+00
-4.771412255674438718e-01,4.132351730507512477e-01,0.000000000000000000e+00
-4.752761018732181708e-01,4.034106469245081206e-01,0.000000000000000000e+00
-4.732148737678784634e-01,3.936253856250960803e-01,0.000000000000000000e+00
-4.709583657151845681e-01,3.838833031265682094e-01,0.000000000000000000e+00
-4.685074802882709943e-01,3.741882961320303069e-01,0.000000000000000000e+00
-4.658631978086305025e-01,3.645442425150152155e-01,0.000000000000000000e+00
-4.630265759539980430e-01,3.549549997683831837e-01,0.000000000000000000e+00
-4.599987493352948320e-01,3.454244034613797032e-01,0.000000000000000000e+00
-4.567809290427976565e-01,3.359562657054538382e-01,0.000000000000000000e+00
-4.533744021617198139e-01,3.265543736294677646e-01,0.000000000000000000e+00
-4.497805312573937009e-01,3.172224878648941537e-01,0.000000000000000000e+00
-4.460007538302639407e-01,3.079643410416170179e-01,0.000000000000000000e+00
-4.420365817409047660e-01,2.987836362949245483e-01,0.000000000000000000e+00
-4.378896006052970247e-01,2.896840457843076200e-01,0.000000000000000000e+00
-4.335614691606022308e-01,2.806692092246434456e-01,0.000000000000000000e+00
-4.290539186016913420e-01,2.717427324303612890e-01,0.000000000000000000e+00
-4.243687518886876675e-01,2.629081858731599497e-01,0.000000000000000000e+00
-4.195078430258083468e-01,2.541691032538699324e-01,0.000000000000000000e+00
-4.144731363117873379e-01,2.455289800890193830e-01,0.000000000000000000e+00
-4.092666455621811750e-01,2.369912723126733622e-01,0.000000000000000000e+00
-4.038904533038717437e-01,2.285593948941093689e-01,0.000000000000000000e+00
-3.983467099420802682e-01,2.202367204718705396e-01,0.000000000000000000e+00
-3.926376329002358445e-01,2.120265780047582427e-01,0.000000000000000000e+00
-3.867655057330346979e-01,2.039322514402915065e-01,0.000000000000000000e+00
-3.807326772130507631e-01,1.959569784011746529e-01,0.000000000000000000e+00
-3.745415603912549130e-01,1.881039488902870316e-01,0.000000000000000000e+00
-3.681946316318286949e-01,1.803763040147273178e-01,0.000000000000000000e+00
-3.616944296216507149e-01,1.727771347294111970e-01,0.000000000000000000e+00
-3.550435543548580153e-01,1.653094806007332496e-01,0.000000000000000000e+00
-3.482446660928795734e-01,1.579763285907768433e-01,0.000000000000000000e+00
-3.413004843003695776e-01,1.507806118625719116e-01,0.000000000000000000e+00
-3.342137865574564826e-01,1.437252086068675216e-01,0.000000000000000000e+00
-3.269874074487507110e-01,1.368129408908964062e-01,0.000000000000000000e+00
-3.196242374295446553e-01,1.300465735295819880e-01,0.000000000000000000e+00
-3.121272216696717172e-01,1.234288129796517614e-01,0.000000000000000000e+00
-3.044993588754763003e-01,1.169623062570894906e-01,0.000000000000000000e+00
-2.967437000903739852e-01,1.106496398783664292e-01,0.000000000000000000e+00
-2.888633474744706775e-01,1.044933388258657003e-01,0.000000000000000000e+00
-2.808614530637427720e-01,9.849586553792540056e-02,0.000000000000000000e+00
-2.727412175092633895e-01,9.265961892389493193e-02,0.000000000000000000e+00
-2.645058887969873318e-01,8.698693340460537937e-02,0.000000000000000000e+00
-2.561587609485959094e-01,8.148007797862913404e-02,0.000000000000000000e+00
-2.477031727039349096e-01,7.614125531471281627e-02,0.000000000000000000e+00
-2.391425061855625422e-01,7.097260087073864465e-02,0.000000000000000000e+00
-2.304801855459446824e-01,6.597618203956928662e-02,0.000000000000000000e+00
-2.217196755978426137e-01,6.115399732212008221e-02,0.000000000000000000e+00
-2.128644804284296199e-01,5.650797552798261791e-02,0.000000000000000000e+00
-2.039181419977057486e-01,5.203997500392841535e-02,0.000000000000000000e+00
-1.948842387217595562e-01,4.775178289059416742e-02,0.000000000000000000e+00
-1.857663840414525702e-01,4.364511440765085626e-02,0.000000000000000000e+00
-1.765682249770863799e-01,3.972161216773641146e-02,0.000000000000000000e+00
-1.672934406696462151e-01,3.598284551943413401e-02,0.000000000000000000e+00
-1.579457409091920839e-01,3.243030991955346554e-02,0.000000000000000000e+00
-1.485288646509955179e-01,2.906542633496850270e-02,0.000000000000000000e+00
-1.390465785200022675e-01,2.588954067424822925e-02,0.000000000000000000e+00
-1.295026753042359258e-01,2.290392324931235860e-02,0.000000000000000000e+00
-1.199009724377316233e-01,2.010976826732291042e-02,0.000000000000000000e+00
-1.102453104736166450e-01,1.750819335301829344e-02,0.000000000000000000e+00
-1.005395515479353546e-01,1.510023910167676217e-02,0.000000000000000000e+00
-9.078757783484962818e-02,1.288686866289322219e-02,0.000000000000000000e+00
-8.099328999381925909e-02,1.086896735533179718e-02,0.000000000000000000e+00
-7.116060560939362067e-02,9.047342312610895387e-03,0.000000000000000000e+00
-6.129345762422491045e-02,7.422722160459397159e-03,0.000000000000000000e+00
-5.139579276594697516e-02,5.995756725276850385e-03,0.000000000000000000e+00
-4.147156996853514077e-02,4.767016774211266933e-03,0.000000000000000000e+00
-3.152475878878892301e-02,3.736993786860327849e-03,0.000000000000000000e+00
-2.155933781855695966e-02,2.906099758685390215e-03,0.000000000000000000e+00
-1.157929309335683880e-02,2.274667036219284698e-03,0.000000000000000000e+00
-1.588616498013149109e-03,1.842948184132007020e-03,0.000000000000000000e+00
